A= [0.5377   -1.3077   -1.3499   -0.2050    0.6715
    1.8339   -0.4336    3.0349   -0.1241   -1.2075
   -2.2588    0.3426    0.7254    1.4897    0.7172
   86.2173  357.8397   -6.3055  140.9034  163.0235
    0.0319    0.2769    0.0715    0.1417    0.0489];